100 500
59 64
47 62
16 93
7 35
70 73
47 71
28 76
40 59
21 64
21 73
33 38
62 83
73 83
25 43
10 54
39 90
51 64
32 60
74 75
13 74
14 51
47 48
1 90
88 95
17 53
47 66
6 52
40 54
27 93
23 77
43 55
87 98
24 60
4 91
66 75
32 82
77 89
61 72
50 81
61 90
42 95
8 93
33 37
31 67
2 40
51 54
4 68
12 99
23 99
32 77
16 60
24 73
36 38
7 11
9 30
16 78
65 92
5 59
9 57
21 22
61 67
69 80
40 44
61 76
39 57
30 88
30 97
0 93
73 77
39 75
13 32
51 58
35 41
4 72
12 85
87 88
1 57
87 97
45 91
5 27
17 29
76 78
28 29
9 43
26 86
77 79
61 62
50 71
6 46
80 84
24 27
4 58
23 71
31 84
32 58
35 54
56 86
13 63
37 82
28 33
76 82
68 87
57 96
42 80
11 83
0 92
23 57
31 70
4 62
12 75
1 38
45 72
34 72
35 49
1 47
17 19
49 51
56 99
38 60
49 69
18 72
38 87
7 81
27 59
61 70
7 99
18 99
12 25
30 73
23 34
23 43
75 90
13 17
1 15
33 84
4 48
12 61
24 26
16 22
37 63
45 85
38 64
49 64
18 58
27 45
18 76
7 76
11 37
40 91
12 20
20 33
60 87
75 85
23 47
1 28
22 60
25 93
37 58
53 75
53 84
45 89
5 16
3 83
67 86
97 99
42 47
29 77
71 92
48 99
20 28
21 82
20 37
12 42
1 5
33 74
13 16
33 83
52 96
24 25
41 96
2 86
34 66
14 60
67 72
22 91
3 87
15 52
89 90
15 70
17 89
11 36
6 79
0 54
6 88
12 37
44 69
10 85
3 55
66 93
2 99
14 73
67 76
17 84
0 13
29 58
63 69
8 44
11 49
21 81
40 94
4 19
25 51
10 62
74 74
25 78
66 79
22 54
26 33
15 42
55 87
8 21
28 88
60 67
52 63
33 59
22 22
39 93
52 72
22 40
14 36
32 81
3 63
16 82
55 73
47 87
9 70
9 79
17 92
69 93
21 53
50 98
29 75
41 49
81 85
2 48
73 99
20 93
3 22
31 93
22 35
2 75
3 40
4 94
24 72
13 72
3 49
35 81
7 19
55 77
70 75
48 56
17 87
11 16
6 50
50 84
21 48
6 59
9 92
21 57
33 40
33 49
25 45
51 57
31 88
12 84
20 97
3 26
43 62
22 39
66 73
51 84
24 67
15 18
36 68
36 77
28 73
28 82
61 88
42 93
44 44
73 89
62 89
2 47
14 21
13 53
3 30
12 97
1 60
23 97
17 41
46 86
65 99
9 46
26 98
50 65
77 82
50 74
6 49
80 87
50 92
11 82
11 91
10 37
31 78
39 91
35 39
20 87
12 92
35 57
53 93
35 66
45 98
28 45
38 86
38 95
21 24
5 70
61 69
80 82
39 50
2 28
23 78
12 87
13 61
56 93
34 93
57 76
5 38
15 79
68 94
6 21
5 56
38 90
26 88
42 87
54 61
11 90
13 20
4 51
11 99
4 60
24 38
35 47
53 83
16 43
56 79
5 33
65 84
38 67
7 70
79 86
68 98
98 99
19 53
0 49
7 97
19 62
31 45
2 9
60 81
19 89
2 18
4 37
11 85
12 59
13 33
34 83
1 58
37 88
15 60
5 37
7 65
6 20
15 87
42 50
7 92
71 95
19 66
39 44
30 75
39 53
0 80
52 90
13 19
25 82
34 60
64 73
22 76
45 78
15 46
45 96
18 51
3 99
49 66
15 64
8 25
30 34
8 43
42 45
27 56
71 90
82 90
60 62
0 57
12 22
83 91
52 94
25 77
53 68
16 28
14 67
56 82
78 79
38 43
78 88
14 94
8 20
79 89
11 43
6 86
21 84
6 95
23 35
10 74
34 41
52 89
22 48
33 94
56 59
64 72
14 53
25 90
45 68
25 99
55 81
18 41
7 41
26 63
27 28
28 91
48 69
8 33
30 42
29 74
48 87
6 81
63 85
11 47
40 83
33 53
12 30
44 62
74 90
2 83
37 59
3 75
89 96
47 90
70 92
11 15
18 63
28 95
11 24
0 42
40 78
6 76
40 87
21 83
44 48
41 70
2 51
33 66
33 75
45 49
34 49
25 80
14 52
13 84
26 35
16 89
7 31
0 1
28 81
11 19
17 99
10 50
44 52
52 65
62 97
43 92
