100 500
55 57
89 68
15 30
78 77
19 0
55 84
63 34
0 5
75 8
11 5
83 21
63 52
40 50
9 81
11 23
80 95
21 55
45 21
88 1
10 63
22 28
97 31
25 61
66 71
49 0
26 7
89 45
43 87
96 90
35 83
1 90
79 37
90 37
5 60
47 75
82 51
9 67
29 45
21 41
29 54
20 72
51 68
55 29
87 98
35 69
59 36
90 14
88 81
82 10
40 22
48 35
28 66
83 11
29 49
81 50
77 98
27 88
81 68
50 99
33 28
62 73
86 12
86 21
93 69
23 81
1 62
13 73
90 27
40 8
57 79
40 17
58 62
18 96
42 72
31 53
11 93
12 67
89 21
97 34
67 30
13 68
17 38
9 43
21 17
50 62
18 91
81 40
92 77
50 80
54 59
32 31
23 62
87 74
70 3
43 58
55 23
78 25
53 90
98 3
17 24
92 27
46 69
82 13
9 38
40 16
77 65
15 99
58 79
54 27
11 56
42 71
93 18
91 94
84 55
11 83
97 6
31 70
86 6
51 48
53 76
1 47
76 68
22 97
40 2
92 40
7 63
38 87
63 98
8 73
31 38
66 5
75 81
20 56
13 26
53 62
4 57
96 42
1 33
72 84
55 13
16 31
87 82
70 11
88 47
34 67
5 12
64 98
9 10
69 42
39 10
27 54
81 34
11 55
8 68
19 68
41 74
13 3
23 47
25 75
10 86
56 62
1 37
68 36
1 46
76 49
65 49
38 41
37 94
26 66
26 75
90 78
15 75
39 14
73 16
0 50
48 99
30 63
4 11
94 75
72 38
96 5
99 10
13 16
76 17
10 81
65 26
37 53
16 30
67 72
46 49
58 14
69 23
80 23
49 54
7 39
19 22
50 37
17 89
98 86
0 27
82 78
11 45
48 94
54 25
95 35
94 79
95 44
13 11
72 60
74 88
68 35
58 0
80 9
14 73
78 76
55 83
98 63
89 94
81 1
30 26
83 38
41 50
94 65
21 99
34 38
88 18
85 83
38 17
98 31
70 58
97 84
58 13
61 9
48 57
9 75
41 36
64 19
25 37
53 46
56 42
89 57
24 95
78 75
42 0
55 82
61 13
5 72
77 88
11 12
48 70
29 66
41 31
21 62
81 76
41 40
41 49
52 49
81 85
44 45
93 59
44 54
34 19
88 8
56 37
37 33
89 43
70 48
90 26
16 95
60 12
62 67
34 5
10 47
2 43
39 92
90 12
13 94
65 95
49 96
60 7
48 42
17 73
41 3
52 3
6 45
75 14
40 47
49 14
93 49
33 44
34 9
93 58
97 28
35 53
70 20
98 11
89 51
1 78
76 81
28 41
88 92
63 17
9 46
92 71
92 80
52 7
61 74
44 3
29 51
69 87
21 47
42 79
41 25
72 3
2 15
25 17
4 70
78 19
51 65
89 28
43 70
99 69
47 58
21 6
49 86
81 38
41 11
80 91
30 72
10 14
93 30
93 39
66 22
31 73
37 4
84 85
84 94
64 88
36 17
5 29
88 82
48 9
16 75
57 76
17 40
49 72
6 12
50 46
21 10
73 47
74 12
31 41
23 46
83 97
31 59
0 99
64 83
95 98
22 86
57 62
17 26
82 6
29 9
80 54
81 19
50 59
58 72
93 11
10 13
84 48
66 21
75 88
52 86
4 46
87 62
53 69
1 31
10 98
34 65
65 52
56 92
92 33
50 27
49 71
80 58
8 39
82 86
73 28
91 73
93 15
94 78
96 17
87 48
83 96
35 10
35 28
56 69
57 34
14 72
47 20
15 64
50 40
80 53
91 50
0 39
19 52
42 54
20 35
31 35
84 38
23 40
1 12
60 98
44 81
56 46
88 44
14 58
22 71
57 47
97 83
97 92
86 92
38 61
61 44
17 96
18 73
91 54
72 31
51 8
4 22
64 36
88 3
52 89
87 56
53 54
10 83
33 85
99 39
65 46
32 98
37 73
9 2
50 3
15 54
80 34
7 50
63 58
9 87
8 33
95 10
63 76
84 19
72 44
56 27
88 16
72 62
1 20
99 25
99 34
34 63
7 18
70 65
27 5
78 87
89 96
63 44
91 35
36 99
94 31
29 69
94 49
48 91
44 39
72 21
75 54
64 17
10 64
14 34
85 94
89 55
46 32
26 35
90 38
16 89
97 86
7 31
94 17
40 46
30 32
72 7
83 53
21 78
22 15
31 91
25 57
14 29
56 44
38 5
78 50
18 8
